Height
177.669
162.385
182.536
169.14
173.075
168.821
170.983
175.83
177.748
181.15
168.622
167.025
178.966
180.617
151.874
161.609
161.354
168.133
169.677
169.672
159.737
177.383
171.225
173.266
158.55
169.517
170.259
170.348
173.742
175.704
161.51
165.718
148.646
166.523
160.496
160.297
168.087
168.768
183.283
169.932
161.218
187.506
173.495
165.146
165.367
162.863
174.961
176.265
163.625
173.958
180.759
178.582
165.2
173.702
179.603
172.266
163.382
164.778
169.256
163.663
164.897
166.459
165.227
169.585
157.01
175.146
172.473
160.697
171.306
163.018
155.133
153.873
166.665
172.845
169.011
170.53
166.046
166.072
161.279
164.042
173.855
166.817
151.196
166.826
171.618
168.404
177.108
152.734
174.851
157.335
180.306
161.859
160.214
157.751
166.782
167.846
173.258
159.341
163.006
164.196
159.402
166.944
169.645
172.565
168.629
170.998
158.447
169.794
166.29
156.8
158.286
158.351
167.312
164.36
163.908
175.924
167.969
168.949
171.005
169.346
180.438
160.476
169.191
164.657
181.22
171.056
174.96
167.685
167.926
169.973
173.341
166.04
173.326
158.473
163.296
162.971
166.697
172.509
178.288
158.274
164.421
169.55
172.697
154.233
180.603
162.627
170.452
157.167
168.331
158.746
173.736
173.859
161.209
167.411
160.319
174.738
170.643
160.149
175.442
163.741
166.853
161.942
158.273
171.203
166.415
169.112
166.095
157.342
163.08
158.899
172.671
161.563
162.174
170.413
150.889
170.197
173.048
161.475
153.176
160.152
164.612
167.458
177.031
175.343
166.66
170.728
159.776
170.006
163.604
163.2
164.082
182.584
171.062
161.101
160.004
155.13
165.513
159.861
179.656
168.31
164.301
160.592
178.988
171.279
170.063
181.555
159.419
151.553
184.172
159.717
162.577
168.065
147.008
178.44
169.36
166.29
182.933
168.046
160.355
172.678
157.496
157.138
179.396
168.214
171.955
162.987
158.585
149.836
158.885
164.5
169.872
153.52
160.098
164.551
162.016
172.973
167.086
159.086
163.703
173.93
